Precision_1: 0.44
Precision_2: 0.3978494623655914
Precision_3: 0.3409090909090909
Precision_5: 0.26865671641791045

Recall_1: 0.22448979591836735
Recall_2: 0.37755102040816324
Recall_3: 0.45918367346938777
Recall_5: 0.5510204081632653

F_Score_1: 0.2972972972972973
F_Score_2: 0.38743455497382195
F_Score_3: 0.391304347826087
F_Score_5: 0.3612040133779264

Mean Reciprocal Value: 0.5767142857142857