Precision_1: 0.4838709677419355
Precision_2: 0.4227467811158798
Precision_3: 0.3628048780487805
Precision_5: 0.29002079002079

Recall_1: 0.22140221402214022
Recall_2: 0.3634686346863469
Recall_3: 0.43911439114391143
Recall_5: 0.514760147601476

F_Score_1: 0.3037974683544304
F_Score_2: 0.39087301587301587
F_Score_3: 0.39732888146911516
F_Score_5: 0.3710106382978723

Mean Reciprocal Value: 0.6071761904761905