Precision_1: 0.2903225806451613
Precision_2: 0.34419551934826886
Precision_3: 0.3181818181818182
Precision_5: 0.26017029328287605

Recall_1: 0.13284132841328414
Recall_2: 0.3118081180811808
Recall_3: 0.4132841328413284
Recall_5: 0.507380073800738

F_Score_1: 0.18227848101265823
F_Score_2: 0.3272023233301065
F_Score_3: 0.35955056179775285
F_Score_5: 0.34396497811131954

Mean Reciprocal Value: 0.4958666666666667